* 概要
sd-webui-lora-block-weightとか導入すると使えます
Loraを適用する際、強さを階層ごとに設定できます。
顔層だけ適用させるとか、塗りや陰影はいらないから切るとかできるので便利です。

* 導入：sd-webui-lora-block-weight
AUTOMATIC1111's stable-diffusion-webui 用のスクリプト
公式リポジトリのReadmeを読んで導入
https://github.com/hako-mikan/sd-webui-lora-block-weight

* 使い方
公式リポジトリのReadmeを読(略

* プリセット
用途別にいい感じの数値設定を貼る。いいのがあったら適当に追加して、どうぞ。

導入したあとに「Weights setting」の「Open TextEditor」を押すと以下のテキストファイルが開かれるのでオリジナルの階層数値設定を追加できます。
"\stable-diffusion-webui\scripts\lbwpresets.txt"

なお、あとでわけがわからなくならないように「呼び出し用」と、「設定値確認用&プロンプト共有用」に以下のように書いておくと良いかもしれないです。
例↓)
F:0,0,0,0,0,0,0,0,1,1,1,0,0,0,0,0,0
F=enable_OUT03-04-05:0,0,0,0,0,0,0,0,1,1,1,0,0,0,0,0,0

**一覧

=|(box=textarea)|
F:0,0,0,0,0,0,0,0,1,1,1,0,0,0,0,0,0
F=enable_OUT03-04-05:0,0,0,0,0,0,0,0,1,1,1,0,0,0,0,0,0
NF:1,1,1,1,1,1,1,1,0,0,0,1,1,1,1,1,1
NF=disable_OUT03-04-05:1,1,1,1,1,1,1,1,0,0,0,1,1,1,1,1,1
NC:1,1,1,1,1,1,1,1,1,1,1,1,1,1,1,0,0
NC=disable_OUT10-11=:1,1,1,1,1,1,1,1,1,1,1,1,1,1,1,0,0
NPNBASE:0,1,1,1,1,0,0,0,1,1,1,1,1,1,1,0,0
NPNBASE=disable_BASE_IN07-08_MID00_OUY10-11:0,1,1,1,1,0,0,0,1,1,1,1,1,1,1,0,0
NP:1,1,1,1,1,0,0,0,1,1,1,1,1,1,1,0,0
NP=disable_IN07-08_MID00_OUY10-11:1,1,1,1,1,0,0,0,1,1,1,1,1,1,1,0,0
CT:0,0,0,0,0,0,1,1,1,1,0,0,0,0,0,0,0
CT=enable_IN08-MID-OUT03-OUT04:0,0,0,0,0,0,1,1,1,1,0,0,0,0,0,0,0
||=

** コンセプト用

識別子: CT
用途: ポーズとかのLoRAに使うといいかもしれない
とりあえずのけぞりLoRAニキの推奨設定をそのまま載せてます。

** キャラ用(陰影&塗り無効化)

識別子: NP
用途: キャラデザとか維持しながら、モデルのデフォルト傾向の絵柄で生成したいときとか
IN下層とMIDとOUT上層の塗りレイヤーを無効化しています

識別子: NPNBASE
用途: 
NP+BASE無効化しています

** 顔用
識別子: NF
用途：ハイポリLoRAとかで顔がリアルになるのやめてほしいときとか
顔層OUT03-04-05を無効化しています

識別子: F
用途：[[表情にイﾞッ&#9829;フォーカスしたLoRAとかにイﾞイﾞッ&#9829;&#9829;使いイﾞグッ&#9829;>>https://huggingface.co/nnmx/ohogao_lora]]
顔層OUT03-04-05を有効化しています


** その他

識別子: NC
用途: 塗りだけ切りたいとき
OUT上層の塗りレイヤーだけ無効化しています



